              precision    recall  f1-score   support

           0     0.9929    0.9949    0.9939       980
           1     0.9956    1.0000    0.9978      1135
           2     0.9971    0.9932    0.9951      1032
           3     0.9834    0.9970    0.9902      1010
           4     0.9919    0.9929    0.9924       982
           5     0.9955    0.9832    0.9893       892
           6     0.9958    0.9927    0.9942       958
           7     0.9903    0.9951    0.9927      1028
           8     0.9837    0.9938    0.9888       974
           9     0.9949    0.9762    0.9855      1009

    accuracy                         0.9921     10000
   macro avg     0.9921    0.9919    0.9920     10000
weighted avg     0.9921    0.9921    0.9921     10000
