              precision    recall  f1-score   support

           0     0.9929    0.9949    0.9939       980
           1     0.9956    0.9982    0.9969      1135
           2     0.9884    0.9932    0.9908      1032
           3     0.9940    0.9911    0.9926      1010
           4     0.9879    0.9959    0.9919       982
           5     0.9899    0.9899    0.9899       892
           6     0.9885    0.9906    0.9896       958
           7     0.9903    0.9883    0.9893      1028
           8     0.9917    0.9805    0.9861       974
           9     0.9900    0.9861    0.9881      1009

    accuracy                         0.9910     10000
   macro avg     0.9909    0.9909    0.9909     10000
weighted avg     0.9910    0.9910    0.9910     10000
